00000000000000000000000000000000
00000000000000000000000000000000
00000000000000001111111111111000
00000000000000111111111111111100
00000000000001111111111111111110
00000000000001111000000000111110
00000000000001110000000000011110
00000000000011110000000000001110
00000000000011110000000000001110
00000000000011110000000000001110
00000000000011100000000000001110
00000000000111100000000000001110
00000000000111100000000000001110
00000000001111000000000000001110
00000000011111000000000000001110
00000000011110000000000000001110
00000000011110000000000000011110
00000000111100000000000000111110
00000000111100000000000000111100
00000000111100000000000011111000
00000000111000000000000111111000
00000000111100000000011111110000
00000000111100000000111111000000
00000000111110011111111110000000
00000000011111111111111000000000
00000000011111111111100000000000
00000000001111111000000000000000
00000000000000000000000000000000
00000000000000000000000000000000
00000000000000000000000000000000
00000000000000000000000000000000
00000000000000000000000000000000
