00000000000000000000000000000000
00000000000001111100000000000000
00000000000011111111100000000000
00000000000111111111111000000000
00000000011111111111111110000000
00000001111111111001111111110000
00000011111110000000011111111000
00000111111000000000001111111100
00001111110000000000000001111100
00011111100000000000000000111110
00011111000000000000000000011110
00111110000000000000000000001110
01111100000000000000000000001110
01111000000000000000000000001110
01111000000000000000000000001110
01110000000000000000000000001110
01110000000000000000000000001110
01110000000000000000000000001110
01110000000000000000000000011110
01110000000000000000000000011110
01111000000000000000000000011100
01111100000000000000000000111100
00111110000000000000000000111100
00011111000000000000000001111000
00011111110000000000000011111000
00000111111000000000000111110000
00000011111100000000001111100000
00000000111111100000011111100000
00000000011111111111111111000000
00000000000111111111111100000000
00000000000000111111111000000000
00000000000000000000000000000000
