00000000000000000000000000000000
00000000000011110000000000000000
00000000000011110000000000000000
00000000000111111000000000000000
00000000001111111100000000000000
00000000001111111111000000000000
00000000011110111111000000000000
00000000111110001111100000000000
00000001111100000111100000000000
00000001111000000111100000000000
00000011110000000011110000000000
00000011110000000011110000000000
00000011110000000011110000000000
00000011100000000001110000000000
00000011100000000001111000000000
00000011100000000001111000000000
00000111100000000000111000000000
00000111100000000000111000000000
00000111000000000000111000000000
00000111000000000001111000000000
00000111000000000001111000000000
00000111000000000001110000000000
00000111000000000001110000000000
00000111100000000001110000000000
00000111100000000011110000000000
00000111100000000011110000000000
00000011110000000111110000000000
00000011111111111111100000000000
00000001111111111111100000000000
00000001111111111110000000000000
00000000000000000000000000000000
00000000000000000000000000000000
