00000000000000000000000000000000
00000000000001110000000000000000
00000000000001110000000000000000
00000000000001110000000000000000
00000000000001110000000000000000
00000000000001110000000000000000
00000000000001110000000000000000
00000000000001110000000000000000
00000000000001110000000000000000
00000000000001110000000000000000
00000000000001110000000000000000
00000000000001110000000000000000
00000000000001110000000000000000
00000000000001110000000000000000
00000000000001110000000000000000
00000000000001110000000000000000
00000000000001110000000000000000
00000000000001110000000000000000
00000000000001110000000000000000
00000000000001110000000000000000
00000000000001110000000000000000
00000000000001110000000000000000
00000000000011110000000000000000
00000000000011110000000000000000
00000000000011110000000000000000
00000000000111100000000000000000
00000000000111100000000000000000
00000000000111100000000000000000
00000000000000000000000000000000
00000000000000000000000000000000
00000000000000000000000000000000
00000000000000000000000000000000
