00000000000000011100000000000000
00000000000000011100000000000000
00000000000000011100000000000000
00000000000000011100000000000000
00000000000000011110000000000000
00000000000000011110000000000000
00000000000000001110000000000000
00000000000000001110000000000000
00000000000000001110000000000000
00000000000000001110000000000000
00000000000000001110000000000000
00000000000000001110000000000000
00000000000000001110000000000000
00000000000000001110000000000000
00000000000000001110000000000000
00000000000000011110000000000000
00000000000000011110000000000000
00000000000000011100000000000000
00000000000000011100000000000000
00000000000000111100000000000000
00000000000000111000000000000000
00000000000001111000000000000000
00000000000001111000000000000000
00000000000011110000000000000000
00000000000011110000000000000000
00000000000111100000000000000000
00000000001111100000000000000000
00000000011111000000000000000000
00000000011111000000000000000000
00000000011110000000000000000000
00000000000000000000000000000000
00000000000000000000000000000000
