00000000000000000000000000000000
00000000000000000000000000000000
00000000001111111100000000000000
00000000011111111110000000000000
00000001111111111110000000000000
00000001111110011110000000000000
00000011111000001110000000000000
00000111110000001110000000000000
00001111100000011110000000000000
00001111000000011110000000000000
00001111000000111100000000000000
00001110000000111000000000000000
00001110000001111000000000000000
00000000000011111000000000000000
00000000000011110000000000000000
00000000000111100000000000000000
00000000001111100000000000000000
00000000011111000000000000000000
00000000011110000000000000000000
00000000111100000000000000000000
00000001111100000000000000000000
00000011111000000000000000000000
00001111110000000000000000000000
00001111100000000000000000000000
00011111001111111111111100000000
00111111111111111111111100000000
00111111111111111111111100000000
00111111110000000000000000000000
00111000000000000000000000000000
00000000000000000000000000000000
00000000000000000000000000000000
00000000000000000000000000000000
