00000000000000000000000000000000
00000000000000000000000000000000
00000000000000000000000000000000
00000000001111111000000000000000
00000000011111111100000000000000
00000000111111111110000000000000
00000000111110111110000000000000
00000001111000011110000000000000
00000001111000001110000000000000
00000001110000001110000000000000
00000000000000001110000000000000
00000000000000001110000000000000
00000000000000001110000000000000
00000000000000001110000000000000
00000000000000011110000000000000
00000000000000011110000000000000
00000000000000111100000000000000
00000000000000111100000000000000
00000000000001111000000000000000
00000000000011111000000000000000
00000000000011111000000111100000
00000000000111110111111111100000
00000000011111111111111111100000
00000000011111111111111111000000
00000000011111111100000000000000
00000000011100000000000000000000
00000000000000000000000000000000
00000000000000000000000000000000
00000000000000000000000000000000
00000000000000000000000000000000
00000000000000000000000000000000
00000000000000000000000000000000
