00000000000000000000000000000000
00000000000000000000000000000000
00000011111111111111110000000000
00011111111111111111111100000000
00011111111111111111111111000000
00011111000000000000011111000000
00011100000000000000001111000000
00000000000000000000000111000000
00000000000000000000001111000000
00000000000000000000001111000000
00000000000000000000011110000000
00000000000000000000011110000000
00000000000000000000111100000000
00000000000000000001111100000000
00000000000000000011111000000000
00000000000000000111110000000000
00000000000000111111100000000000
00000000000111111111000000000000
00000000011111111100000000000000
00000111111111100000000000000000
00001111111110000000000000000000
00011111111000000000000000000000
00011111111111111011111111100000
00011111111111111011111111111111
00000000011111111011111111111111
00000000000000000000000000011111
00000000000000000000000000000000
00000000000000000000000000000000
00000000000000000000000000000000
00000000000000000000000000000000
00000000000000000000000000000000
00000000000000000000000000000000
