00000000000000000000000000000000
00000000000111011100000000000000
00000000111111011100000000000000
00000000111111011111000000000000
00000011111000000111000000000000
00000011100000000111000000000000
00000011100000000000000000000000
00000000000000000000000000000000
00000000000000000111000000000000
00000000000000000111000000000000
00000000000000000111000000000000
00000000000000000000000000000000
00000000000000000000000000000000
00000000000000000000000000000000
00000000000000000000000000000000
00000000000000111000000000000000
00000000000000111000000000000000
00000000000000111000000000000000
00000000000000000000000000000000
00000000000000000000000000000000
00000000000000000000000000000000
00000000000000000000000000000000
00000000001110000000011111100000
00000000001110011100011111100000
00000000111110011100011111100000
00000001111000011100000000000000
00000001111000000000000000000000
00000001110000000000000000000000
00000000000000000000000000000000
00000000000000000000000000000000
00000000000000000000000000000000
00000000000000000000000000000000
