00000000000000000000000000000000
00000000000000000000000000000000
00000000000001111100000000000000
00000000001111111110000000000000
00000000011111111111000000000000
00000000011111111111000000000000
00000000111110000111100000000000
00000000111100000111100000000000
00000001111100000111100000000000
00000001111000000111100000000000
00000001111000000111000000000000
00000000000000001111000000000000
00000000000000001111000000000000
00000000000000011110000000000000
00000000000001111110000000000000
00000000000001111100000000000000
00000000000011111000000000000000
00000000000111110000000000000000
00000000001111100000000000000000
00000000001111100000000000000000
00000000111111000000000000000000
00000011111110000000000000000000
00000011111111111000000000000000
00000011111111111111111110000000
00000011111111111111111110000000
00000000000000001111111110000000
00000000000000000000000000000000
00000000000000000000000000000000
00000000000000000000000000000000
00000000000000000000000000000000
00000000000000000000000000000000
00000000000000000000000000000000
