00000000000000000000000000000000
00000000000000000000000000000000
00000000000000000000000000000000
00000000000000000000000000000000
00000000000000000000000000000000
00000000000000000000111110000000
00000000000000111111111110000000
00000000000111111111111110000000
00000000001111111111111110000000
00000000111111110000011110000000
00000011111110000000011110000000
00000111111100000000111100000000
00001111100000000000111100000000
00111111000000000000111000000000
00111110000000000001111000000000
00111100000000000011110000000000
00111000000000000011110000000000
00000000000000000111100000000000
00000000000000001111000000000000
00000000000000011111000000000000
00000000000000111110000000000000
00000000000000111100000000000000
00000000000001111000000011100000
00000000000111111111111111100000
00000000001111111111111111100000
00000000001111111111111111000000
00000000001111111100000000000000
00000000000000000000000000000000
00000000000000000000000000000000
00000000000000000000000000000000
00000000000000000000000000000000
00000000000000000000000000000000
