00000001111111110000000000000000
00000111111011110000000000000000
00001111110011110000000000000000
00011111100111110000000000000000
00111111000111110000000000000000
01111100011111100000000000000000
01111100111111000000000000000000
01110000111110000000000000000000
00000000111111111111111111110000
00000000111111111111111111111110
00000000111111111111111111111110
00000000000000000000000000111110
00000000000000000000000000001110
00000000000000000000000000011110
00000000000000000000000000111110
00000000000000000000000001111100
00000000000000000000000111111100
00000000000000000000111111111000
00000000000000000011111111100000
00000000000001111111111110000000
00000000011111111111100000000000
00000111111111111110000000000000
00000111111111000000000000000000
00000111111000000000000000000000
00000000000000000000000000000000
00000000000000000000000000000000
00000000000000000000000000000000
00000000000000000000000000000000
00000000000000000000000000000000
00000000000000000000000000000000
10000000000000000000000000000000
10000000001111000000000000000000
