00000000000000000000000000000000
00000000000000000000000000000000
00000000011111000000000000000000
00000111111111110000000000000000
00111111111111110000000000000000
11111111111111111000000000000000
11111110000001111000000000000000
11110000000001111000000000000000
00000000000011111000000000000000
00000000000011110000000000000000
00000000000111110000000000000000
00000000011111100000000000000000
00000000011111000000000000000000
00000001111110000000000000000000
00000001111110000000000000000000
00000001111111111100000000000000
00000001111111111110000000000000
00000000000111111110000000000000
00000000000000011110000000000000
00000000000000011110000000000000
00000000000001111110000000000000
00000000000001111100000000000000
00000000000111111000000000000000
00000000001111110000000000000000
00000000011111100000000000000000
00000001111111000000000000000000
00000111111110000000000000000000
11111111111000000000000000000000
11111111100000000000000000000000
11111100000000000000000000000000
11100000000000000000000000000000
00000000000000000000000000000000
