00000000000000000000000000000000
00000000000000111100000000000000
00000000000011111100000000000000
00000000000011111110000000000000
00000000000111111111000000000000
00000000001111101111100000000000
00000000011111000111100000000000
00000000011110000111100000000000
00000000111110001111100000000000
00000000111100001111000000000000
00000001111100111111000000000000
00000001111001111110000000000000
00000001111011111100000000000000
00000001110111111000000000000000
00000000000111111111111111111000
00000000000111111111111111111100
00000000000111111111111111111100
00000000000000000000000000111100
00000000000000000000000001111100
00000000000000000000000001111000
00000000000000000000000111110000
00000000000000000000011111110000
00000000000000000000111111100000
00000000000000000011111100000000
00000000000000011111111000000000
00000000011111111111100000000000
00001111111111111111000000000000
00001111111111111000000000000000
00001111111000000000000000000000
00000000000000000000000000000000
00000000000000000000000000000000
00000000000000000000000000000000
