00000000011111111110000000000000
00000011111111111110000000000000
00001111111111111110000000000000
00011111111000001110000000000000
00111111000000001110000000000000
00111110000000011110000000000000
00111100000000111110000000000000
00111000000000111100000000000000
00111000000001111100000000000000
00111000000011111000000000000000
00000000000011110000000000000000
00000000000111101111100000000000
00000000111111111111111100000000
00000000111111111111111111000000
00000000111111111101111111000000
00000000111100000000011111000000
00000000000000000000000111000000
00000000000000000000000111000000
00000000000000000000000111000000
00000000000000000000001111000000
00000000000000000000011111000000
00000000000000000000111110000000
00000000000000000001111100000000
00000000000000000011111100000000
00000000000000001111110000000000
00000000000000111111100000000000
00000000000011111111000000000000
00000000000111111100000000000000
00000000111111100000000000000000
00001111111111000000000000000000
00011111111100000000000000000000
00011111100000000000000000000000
