00000000000000000000000000000000
00000000000111000000000000000000
00000000000111000000000000000000
00000000001111000000000000000000
00000000001111000000000000000000
00000000011110000000000000000000
00000000011110000000000000000000
00000000011100000000000000000000
00000000111100000000000000000000
00000000111100000000000000000000
00000000111000000000111000000000
00000000111000000000111000000000
00000001111000000000111000000000
00000011110000000000111000000000
00000011110000000001111000000000
00000011100000000001111001111000
00000111100000000001111111111000
00000111100000000011111111111000
00001111000000001111111111110000
00001110000000111111111110000000
00011110000011111111100000000000
00111110111111111111000000000000
00111111111111101111000000000000
00111111111100001111000000000000
00111111100000001110000000000000
00000000000000011110000000000000
00000000000000011110000000000000
00000000000000011110000000000000
00000000000000011100000000000000
00000000000000000000000000000000
00000000000000000000000000000000
00000000000000000000000000000000
