00000000000001111000000000000000
00000000000001111000000000000000
00000000000011111000000111000000
00000000000111110000000111000000
00000000000111100000000111000000
00000000001111000000000111000000
00000000011111000000000111000000
00000000011110000000000111000000
00000000111100000000000111000000
00000001111100000000000111000000
00000011111000000000000111000000
00000111110000000000001111000000
00001111100000000000001111000000
00001111000000000000001110000000
00011110000000000000011110111000
00111100000000000000111110111000
01111100011100011100111100111000
11111000011100011100111100000000
11111110011100011100111100000000
11111110000000000000111000000000
11111110000000000000111000000001
11110000000000000000111000000000
00000000000000000000111000000000
00000000000000000001111000000000
00000000000000000001110000000000
00000000000000000011110000000000
00000000000000000011110000000000
00000000000000000011100000000000
00000000000000000111100000000000
00000000000000000111100000000000
00000000000000000111100000000000
10000000000000000111000000000000
