00000000000000111000000000000000
00000000000000111000000000000000
00000000000001111000000000000000
00000000000001111000000000000000
00000000000011110000000000000000
00000000000111110000000000000000
00000000000111100000000000000000
00000000001111000000000000000000
00000000001111000011100000000000
00000000001110000011100000000000
00000000011110000011100000000000
00000000011100000011100000000000
00000000111100000111100000000000
00000001111000000111100000000000
00000001111000000111000000000000
00000011110000000111000111000000
00000111110000001111111111000000
00001111111111111111111111000000
00001111111111111111111111000000
00001111111111111110000000000000
00001111100000001110000000000000
00000000000000011110000000000000
00000000000000011110000000000000
00000000000000011100000000000000
00000000000000011100000000000000
00000000000000011100000000000000
00000000000000000000000000000000
00000000000000000000000000000000
00000000000000000000000000000000
00000000000000000000000000000000
00000000000000000000000000000000
00000000000000000000000000000000
