00000000000000000000000000000000
00000000000000011100000000000000
00000000000000111100000000000000
00000000000001111100000000000000
00000000000001111000000000000000
00000000000011110000000000000000
00000000000111110000000000000000
00000000000111100000000000000000
00000000000111000000000000000000
00000000001111000000000000000000
00000000001111000001110000000000
00000000011110000011110000000000
00000000111110000011110000000000
00000000111100000011100000000000
00000001111000000011100000000000
00000001111000000011100000000000
00000001110000000011100000000000
00000011110000000011100000000000
00000011110000000011100000000000
00000111100000000111100000000000
00011111111111111111111111000000
00011111111111111111111111111000
00011111111111111111111111111000
00011111000000001111000011111000
00000000000000001111000000000000
00000000000000001111000000000000
00000000000000001110000000000000
00000000000000001110000000000000
00000000000000001110000000000000
00000000000000000000000000000000
00000000000000000000000000000000
00000000000000000000000000000000
