00000000001110000000000000000000
00000000001110000000000000000000
00000000011110000000000000000000
00000000011110000000000000000000
00000000011100000000000000000000
00000000011100000111000000000000
00000000111100001111000000000000
00000000111100001111000000000000
00000001111000001110000000000000
00000001111000011110000000000000
00000001110000011110000000000000
00000001110000011100000000000000
00000001110000111100000000000000
00000001110000111100000000000000
00000001110000111000000000000000
00000011110000111000001110000000
00000011110001111000011110000000
00000011110001111111111110000000
00000111100111111111111110000000
00000111111111111111111000000000
00000111111111111111000000000000
00000111111111110000000000000000
00000000000011100000000000000000
00000000000011100000000000000000
00000000000111100000000000000000
00000000000111100000000000000000
00000000000111000000000000000000
00000000000111000000000000000000
00000000000111000000000000000000
00000000000000000000000000000000
00000000000000000000000000000000
00000000000000000000000000000000
