00000000000000000000000000000000
00000000000000000000000000000000
00000000000000000000000000000000
00000000011100000000000000000000
00000000111100001110000000000000
00000000111100001110000000000000
00000001111100001110000000000000
00000001111000001110000000000000
00000011110000001110000000000000
00000011110000001110000000000000
00000111100000011110000000000000
00000111100000011110000000000000
00001111000000011100000000000000
00011111000000011100000000000000
00011110000000111100000000000000
00011110000000111100111111100000
00111100111111111111111111100000
00111111111111111111111111100000
00111111111111111111110000000000
00111111100011111000000000000000
00000000000011110000000000000000
00000000000111100000000000000000
00000000000111100000000000000000
00000000000111000000000000000000
00000000001111000000000000000000
00000000001111000000000000000000
00000000001110000000000000000000
00000000001110000000000000000000
00000000001110000000000000000000
00000000000000000000000000000000
00000000000000000000000000000000
00000000000000000000000000000000
