00000000000000000000000000000000
00000000000000000000000000000000
00000000000000000000111000000000
00000001110000000000111000000000
00000011110000000000111000000000
00000011110000000000111000000000
00000111100000000000111000000000
00000111100000000000111000000000
00000111000000000000111000000000
00000111000000000001111000000000
00000111000000000001110000000000
00000111000000000001110000000000
00000111000000000001110000000000
00000111000000000011110000001110
00001111000000000011100000011110
00001111000000000111100011111110
00001110000000000111111111111110
00011111111111111111111111111000
00011111111111111111111111000000
00011111111111111110000000000000
00011111000000011110000000000000
00000000000000111100000000000000
00000000000000111100000000000000
00000000000000111000000000000000
00000000000001111000000000000000
00000000000001111000000000000000
00000000000011110000000000000000
00000000000011110000000000000000
00000000000111100000000000000000
00000000000111100000000000000000
00000000000111000000000000000000
00000000000000000000000000000000
