00000000000111100000000000000000
00000000000111100000000000000000
00000000001111100000000000000000
00000000011111000000011111000000
00000000011111111111111111000000
00000000111111111111111111000000
00000000111111111111111000000000
00000001111000000000000000000000
00000011111000000000000000000000
00000111110000000000000000000000
00001111100000000000000000000000
00001111000000000000000000000000
00011111001111111111110000000000
00111111111111111111111000000000
00111111111111111111111000000000
00111111111000000001111000000000
00111100000000000000111000000000
00000000000000000001111000000000
00000000000000000111111000000000
00000000000000001111111000000000
00000000000000011111110000000000
00000000000001111111000000000000
00000000000111111100000000000000
00001111111111111000000000000000
00001111111111100000000000000000
00001111111110000000000000000000
00000000000000000000000000000000
00000000000000000000000000000000
00000000000000000000000000000000
00000000000000000000000000000000
00000000000000000000000000000000
00000000000000000000000000000000
