00000011100000000000000000111011
00000011100000000000011100111011
00000011100000001110011100111000
00000011100001111110011100000000
00000011101111111110000000000000
00000111111111110000000000000000
00000111111110000000000000000000
00000111111000000000000000000000
00000111100000000000000000000000
00000111000000000000000000000000
00000111000000000000000000000000
00000111000000000000000000000000
00001111111100000000000000000000
00001111111111111111111111111000
00001111111111111111111111111000
00000000000111111111111111111000
00000000000000000000000001111000
00000000000000000000000011111000
00000000000000000000000111110000
00000000000000000000001111110000
00000000000000000000011111000000
00000000000000000001111110000000
00000000000000000111111100000000
00000000000000001111110000000000
00000000000001111111000000000000
00000000011111111110000000000000
11111111111111111000000000000000
11111111111111000000000000011110
11111111111000000000000000000000
00000000000000000000000000000000
00000000000000000000000000000000
10000000000000000000000000000000
