00000001110000000000000000000000
00000001110000000000000000000000
00000001110000000000000000000000
00000001110000000001111111100000
00000001110000011111111111100000
00000001110011111111111111100000
00000001111111111111000000000000
00000011111111111000000000000000
00000011111111000000000000000000
00000011111000000000000000000000
00000001110000000000000000000000
00000001110000000000000000000000
00000001110000000000000000000000
00000011110000000000000000000000
00000011110000000000000000000000
00000011100000000000000000000000
00000111100000000000000000000000
00000111100000000000000000000000
00000111100000000000011111110000
00000111000000000111111111111000
00000111001111111111111111111000
00000111111111111111111001111000
00000111111111111100000001111000
00000111111100000000000011111000
00000111000000000000000111110000
00000000000000000000011111110000
00000000000000001111111111100000
00000000011111111111111110000000
00000000111111111111111000000000
00000000111111111100000000000000
00000000111100000000000000000000
00000000000000000000000000000000
