00000000111000000000000000000000
00000000111000000000000000000000
00000000111000000000111110000000
00000001111000011111111110000000
00000001111111111111111110000000
00000001111111111111111000000000
00000001111111111000000000000000
00000011111100000000000000000000
00000011110000000000000000000000
00000011110000000000000000000000
00000011100000000000000000000000
00000011100000000000000000000000
00000111100000000000000000000000
00000111100000000000000000000000
00001111100000000000000000000000
00001111000000000000000000000000
00001111111111111111000000000000
00011111111111111111000000000000
00011111111111111111100000000000
00011111110000000111100000000000
00011100000000000011100000000000
00000000000000000111100000000000
00000000000000000111000000000000
00000000000000001111000000000000
00000000000000001111000000000000
00000000000000111111000000000000
00000000000001111110000000000000
00001110000011111100000000000000
00001111111111111000000000000000
00001111111111100000000000000000
00001111111111000000000000000000
10000000000000000000000000000000
