00000000000000000000000011111111
00000000000001110000011111111111
00000000000001110111111111111110
00000000000111111111111100000000
00000000000111111111110000000000
00000000000111111100000000000000
00000000001111100000000000000000
00000000011110000000000000000000
00000000111110000000000000000000
00000001111100000000000000000000
00000001111000000000111111000000
00000011111011111111111111100000
00000111111111111111111111100000
00000111111111111111100011100000
00001111111100000000000111100000
00001111110000000000000111100000
00001111000000000000011111100000
00000000000000000000111111000000
00000000000000000000111110000000
00000000000000000011111100000000
00000000000000000111111000000000
00000000000000011111110000000000
00000000000011111111100000000000
11000111111111111110000000000000
11111111111111111000000000000000
11111111111110000000000000000001
11111100000000000000000000000000
00000000000000000000000000000000
00000000000000000000000000000000
00000000000000000000000000000000
00000000000000000000000000000000
10000000000000000000000000000000
