00000000000000000011100000000000
00000000000000000111100000000000
00000000000000001111100000000000
00000000000000001111000000000000
00000000000000011110000000000000
00000000000000011110000000000000
00000000000000011100000000000000
00000000000000111100000000000000
00000000000001111000000000000000
00000000000001111000000000000000
00000000000011110000000000000000
00000000000011100000000000000000
00000000000011100111111100000000
00000000000011111111111110000000
00000000000111111111111111000000
00000000000111111110011111000000
00000000000111111000001111000000
00000000001111110000000111000000
00000000001111000000000111000000
00000000001110000000000111000000
00000000001110000000000111000000
00000000001110000000001111000000
00000000001110000000001111000000
00000000001110000000001110000000
00000000001110000000011110000000
00000000001110000000111110000000
00000000001111000000111100000000
00000000001111100011111000000000
00000000001111111111111000000000
00000000000111111111110000000000
00000000000001111111000000000000
10000000000000000000000000000000
