00000000000000000000000000000000
00000000000000000000000000000000
00000000000000000000000000000000
00000011100000000111111111000000
00000011111111111111111111000000
00000011111111111111111111000000
00000001111111111100001111000000
00000000000000000000001110000000
00000000000000000000001110000000
00000000000000000000011110000000
00000000000000000000011110000000
00000000000000000000011100000000
00000000000000000000011100000000
00000000000000000000011100000000
00000000000000000000011100000000
00000000000000000000111100000000
00000000000000000000111000000000
00000000000000000000111000000000
00000000000000000000111000000000
00000000000000000000111000000000
00000000000000000000111000000000
00000000000000000000111000000000
00000000000000000000111000000000
00000000000000000000111000000000
00000000000000000000111000000000
00000000000000000000111000000000
00000000000000000000111100000000
00000000000000000000111110000000
00000000000000000000011110000000
00000000000000000000011110000000
00000000000000000000001110000000
00000000000000000000000000000000
