00000000000000000000000111111100
00000000000000001111111111111100
00000011111111111111111111111100
00000011111111111111111101111000
00000011111111111000000011110000
00000000000000000000000111110000
00000000000000000000000111100000
00000000000000000000001111000000
00000000000000000000001111000000
00000000000000000000001110000000
00000000000000000000011110000000
00000000000000000000011110000000
00000000000000000000011100000000
00000000000000000000111100000000
00000000000000000000111000000000
00000000000000000000111000000000
00000000000000000001111000000000
00000000000000000011110000000000
00000000000000000011110000000000
00000000000000000111100000000000
00000000000000000111000000000000
00000000000000001111000000000000
00000000000000011110000000000000
00000000000000011110000000000000
00000000000000011100000000000000
00000000000000111100000000000000
00000000000001111000000000000000
00000000000001111000000000000000
00000000000001110000000000000000
00000000000000000000000000000000
00000000000000000000000000000000
10000000000000000000000000000000
