00000000111111111101111111000000
00000001111111000000011111000000
00000011111100000000000111000000
00000011110000000000000111000000
00000011110000000000001111000000
00000011100000000000011111000000
00000011100000000000011110000000
00000011100000000000111110000000
00000011110000000011111100000000
00000011110000000111111000000000
00001111110000001111110000000000
00001111111111011111100000000000
00001111111111111111111111110000
00000111111111111111111111111110
00000000111111111111111111111111
00000000111111110000000000111111
00000000111111100000000000001111
00000011111110000000000000000111
00000011111000000000000000000111
00000111110000000000000000000111
00000111100000000000000000011111
00000111100000000000000000111111
00000111100000000000001111111110
00000111111100000111111111111000
00000011111111111111111111100000
00000001111111111111111000000000
00000000011111111110000000000000
00000000000000000000000000000000
00000000000000000000000000000000
10000000000000000000000000000000
10000000000000000111000000000000
10000000000001111000111000000000
