00000000001111111111110000000000
00000000011111111111111000000000
00000000111111000011111000000000
00000011111110000000111000000000
00000011111000000000111000000000
00001111111000000001111000000000
00011111100000000001111000000000
00011111100000000001110000000000
00011110000000000011110000000000
00011110000000000111100000000000
00011110000000000111100000000000
00011111000000001111000000000000
00001111111111111111111111000000
00001111111111111111111111111000
00000011111111111111111111111100
00000000000111111000000011111100
00000000011111100000000000111110
00000001111111000000000000011110
00000011111110000000000000011110
00000111111100000000000000011110
00001111110000000000000000011110
00011111100000000000000000111100
00011110000000000000000000111100
00011100000000000000000001111100
00011100000000000000000001111000
00011110000000000000000011110000
00011111100000000000000111110000
00001111110000000000011111100000
00000111111100000000111111000000
00000011111111111111111110000000
10000000111111111111111000000000
10000000001111111111110000000000
