00000000000001111111100000000000
00000000000011111111111000000000
00000000001111111111111100000000
00000000011111100001111100000000
00000001111111000001111100000000
00000011111100000011111000000000
00000111111000000011111000000000
00001111100000000111110000000000
00011111000000000111100000000000
00011110000000011111000000000000
00011100000000111111000000000000
00011100000001111110000000000000
00011100000011111100000000000000
00011100001111111100000000000000
00011110011111111100000000000000
00011111111110111100000000000000
00011111111101111000000000000000
00000111111001111000000000000000
00000000000001110000000000000000
00000000000011110000000000000000
00000000000011110000000000000000
00000000000011100000000000000000
00000000000011100000000000000000
00000000000111100000000000000000
00000000000111100000000000000000
00000000000111100000000000000000
00000000000111000000000000000000
00000000000111000000000000000000
00000000000000000000000000000000
00000000000000000000000000000000
00000000000000000000000000000000
00000000000000000000000000000000
