00000000000000000000000000000000
00000000000000000000000000000000
00000000001111111000000000000000
00000000111111111111110000000000
00000011111111111111110000000000
00000111111100011111110000000000
00001111111000000001110000000000
00011111100000000011110000000000
00011111000000000011110000000000
00111110000000000111110000000000
00111100000000000111100000000000
01111000000000001111100000000000
01111000000001111111100000000000
01110000000011111111100000000000
01110000001111111111100000000000
01111101111111100011100000000000
01111111111110000111100000000000
01111111111000000111100000000000
00011111000000000111000000000000
00000000000000000111000000000000
00000000000000000111000000000000
00000000000000001111000000000000
00000000000000001111000000000000
00000000000000001111000000000000
00000000000000001110000000000000
00000000000000001110000000000000
00000000000000000000000000000000
00000000000000000000000000000000
00000000000000000000000000000000
00000000000000000000000000000000
00000000000000000000000000000000
00000000000000000000000000000000
