00000000000000000000000000000000
00000000000000000000000000000000
00000000000000000000000000000000
00000000000000111111110000000000
00000000000001111111110000000000
00000000001111111111110000000000
00000000111111110111000000000000
00000001111111001111000000000000
00000001111100001111000000000000
00000011111000001111000000000000
00000111110000001111000000000000
00000111100000001110000000000000
00000111100000011110000000000000
00000111000000111110000000000000
00000111000001111110000000000000
00000111000011111110000000000000
00000111111111111110000000000000
00000111111111111110000000000000
00000111111111001110000000000000
00000000000000001110000000000000
00000000000000001110000000000000
00000000000000001110000000000000
00000000000000001110000000000000
00000000000000001110000000000000
00000000000000001110000000000000
00000000000000011110000000000000
00000000000000011110000000000000
00000000000000011110000000000000
00000000000000011100000000000000
00000000000000000000000000000000
00000000000000000000000000000000
00000000000000000000000000000000
