00000000000000000000000000000000
00000000000000000000000000000000
00000000000000000000000000000000
00000000000000000000000000000000
00000000000011111000000000000000
00000000001111111110000000000000
00000000111111111110000000000000
00000000111111111110000000000000
00000011111100111000000000000000
00000011111000111000000000000000
00000111110001111000000000000000
00001111100001111000000000000000
00011111000011111000000000000000
00111110000111111000000000000000
00111100001111110000000000000000
00111100011111110000000000000000
00111001111111110000000000000000
00111111111111110000000000000000
00111111110111100000000000000000
00011111100111000000000000000000
00000000000111000000000000000000
00000000000111000000000000000000
00000000000111000000000000000000
00000000001111000000000000000000
00000000001111000000000000000000
00000000001110000000000000000000
00000000001110000000000000000000
00000000001110000000000000000000
00000000001110000000000000000000
00000000001110000000000000000000
00000000001110000000000000000000
00000000000000000000000000000000
