00000000000000000000000000000000
00000000000000000000000000000000
00000000000011111111110000000000
00000000000111111111111000000000
00000000011111111111111100000000
00000000111111100011111100000000
00000001111110000111111100000000
00000001111000000111110000000000
00000011110000000111110000000000
00000111110000000111110000000000
00000111100000000111110000000000
00001111000000001111110000000000
00011111000000001111110000000000
00011110000000011111110000000000
00111100000000111111110000000000
00111100000000111101110000000000
00111000000001111001110000000000
00111100000011111001110000000000
00111111111111111001110000000000
00111111111111100001110000000000
00011111111110000001110000000000
00000000000000000001110000000000
00000000000000000001110000000000
00000000000000000001110000000000
00000000000000000001110000000000
00000000000000000001110000000000
00000000000000000001110000000000
00000000000000000001110000000000
00000000000000000011110000000000
00000000000000000011110000000000
00000000000000000011110000000000
00000000000000000011100000000000
