00000000000000000000000000000000
00000000000111111111100000000000
00000011111111111111111100000000
00000111111111111111111100000000
00001111111110000000111100000000
00001111100000000000111100000000
00001111000000000001111100000000
00011110000000000001111000000000
00011110000000000011111000000000
00111100000000000011111000000000
00111100000000000111110000000000
00111100000000001111110000000000
00111000000000011111110000000000
00111000000000111111110000000000
00111100000011111111110000000000
00111110011111111011110000000000
00011111111111110011100000000000
00011111111111000111100000000000
00001111111000000111100000000000
00000000000000000111000000000000
00000000000000001111000000000000
00000000000000001111000000000000
00000000000000011111000000000000
00000000000000011110000000000000
00000000000000111110000000000000
00000000000000111100000000000000
00000000000000111100000000000000
00000000000000111000000000000000
00000000000000000000000000000000
00000000000000000000000000000000
00000000000000000000000000000000
00000000000000000000000000000000
